# Number of Traces
76
# TraceId; FractureId1; FractureId2; X1; Y1; Z1; X2; Y2; Z2
0; 2; 6; 4.8854342603926408e+00; 4.0000000000000000e+00; -7.7141998909973886e-01; -3.7866922754472364e-270; -1.8667531236775847e-01; 0.0000000000000000e+00
1; 2; 7; 4.2938555695874818e+00; 4.0000000000000000e+00; -1.7984129829457984e-01; 4.2938555695874818e+00; 6.0000000000000000e+00; -1.7984129829457984e-01
1; 2; 7; 4.8854342603926408e+00; 4.0000000000000000e+00; -7.7141998909973886e-01; 4.8854342603926408e+00; 6.0000000000000000e+00; -7.7141998909973886e-01
2; 2; 8; 4.6065687717465202e+00; 6.0000000000000000e+00; -4.9255450045361826e-01; -3.0155044608760293e-241; 7.1726625392320058e+252; 6.1963428616474346e+223
3; 6; 7; 4.2938555695874818e+00; 4.0000000000000000e+00; -2.5178110766595512e+00; 4.8712617679648087e+00; 4.0000000000000000e+00; -1.9404048782822247e+00
4; 6; 10; 4.4538974002032257e+00; 2.0000000000000000e+00; -2.6778529072752950e+00; 5.1306629335832508e+00; 2.0000000000000000e+00; -3.3546184406553197e+00
5; 7; 8; 4.2938555695874818e+00; 6.0000000000000000e+00; -1.3629986799048981e+00; 4.6065687717465202e+00; 6.0000000000000000e+00; -1.6757118820639363e+00
6; 9; 13; 7.3596369837107538e+00; 8.0000000000000000e+00; -1.1256443905278166e+00; -3.7885407947084860e-270; -1.2275382500053362e+00; 0.0000000000000000e+00
7; 10; 16; 5.8264317660374987e+00; 2.0000000000000000e+00; -5.4039183398696178e+00; 5.8681109625763206e+00; 2.0000000000000000e+00; -5.4455975364084397e+00
8; 12; 17; 9.6085494026141411e+00; 4.0000000000000000e+00; -4.2826624190853169e-01; 9.6085494026141411e+00; 6.0000000000000000e+00; -4.2826624190853180e-01
8; 12; 17; 1.0246995829845185e+01; 4.0000000000000000e+00; -1.0667126691395756e+00; 1.0246995829845185e+01; 6.0000000000000000e+00; -1.0667126691395756e+00
9; 13; 18; 7.4900458819671218e+00; 6.0000000000000000e+00; -3.5516409612751589e+00; 7.4900458819671218e+00; 8.0000000000000000e+00; -3.5516409612751589e+00
9; 13; 18; 7.6260567098383616e+00; 6.0000000000000000e+00; -3.6876517891463987e+00; 7.6260567098383616e+00; 8.0000000000000000e+00; -3.6876517891463987e+00
10; 14; 19; 1.0006276524710207e+01; 8.0000000000000000e+00; -4.4258798469431032e-01; 1.0006276524710207e+01; 1.0000000000000000e+01; -4.4258798469431038e-01
11; 25; 31; -5.1182988085159842e-01; 2.0000000000000000e+00; 8.9971112550901697e+00; -3.7968591296212139e-270; -8.8959094589480525e-01; 1.0000000000000000e+01
12; 26; 27; 1.2589478760835693e+00; 4.0000000000000000e+00; 5.5915825011127911e+00; 1.8557859399355590e+00; 4.0000000000000000e+00; 4.9947444372608008e+00
13; 29; 33; -1.7377210757390937e+00; 8.0000000000000000e+00; 1.0223002449977665e+01; -1.0968505525122718e+00; 8.0000000000000000e+00; 1.0863872973204487e+01
14; 32; 33; -1.7377210757390937e+00; 6.0000000000000000e+00; 1.1030281332941160e+01; -1.3340816342573463e+00; 6.0000000000000000e+00; 1.0626641891459412e+01
14; 32; 33; -3.2350751336599881e-01; 6.0000000000000000e+00; 1.1637216012350759e+01; -5.4329093575021088e-311; -1.0256420223970936e+01; 2.0000000000000000e+00
15; 36; 37; 1.7123243904209091e+00; 4.0000000000000000e+00; 1.0952949991933199e+01; 2.3881073321055828e+00; 4.0000000000000000e+00; 1.0277167050248526e+01
16; 40; 41; 4.8748117351869569e-01; 2.0000000000000000e+00; -5.2615786176219776e+00; 9.2885957621324389e-01; 2.0000000000000000e+00; -5.7029570203165267e+00
16; 40; 41; 1.4603163331972415e+00; 2.0000000000000000e+00; -4.2887434579434309e+00; -3.7894650532354843e-270; -1.0256420223970936e+01; 2.0000000000000000e+00
17; 40; 46; 4.6102770824146599e-02; 2.0000000000000000e+00; -5.7029570203165267e+00; 1.3170069176488681e+00; 2.0000000000000000e+00; -4.4320528734918048e+00
18; 41; 45; 1.8422529657383739e+00; 2.0000000000000000e+00; -4.7895636307913971e+00; 1.9016947358917906e+00; 2.0000000000000000e+00; -4.7301218606379800e+00
19; 41; 46; 4.8748117351869569e-01; 2.0000000000000000e+00; -6.1443354230110749e+00; 4.8748117351869569e-01; 4.0000000000000000e+00; -6.1443354230110749e+00
19; 41; 46; 1.3170069176488681e+00; 2.0000000000000000e+00; -5.3148096788809021e+00; 1.3170069176488681e+00; 4.0000000000000000e+00; -5.3148096788809021e+00
20; 42; 43; -7.6514063118580333e-01; 6.0000000000000000e+00; -4.5727066935459391e+00; -6.0563716880548457e-01; 6.0000000000000000e+00; -4.7322101559262579e+00
20; 42; 43; 4.8956946880697294e-01; 6.0000000000000000e+00; -3.3179965935531630e+00; -3.7866922756106744e-270; -1.4142135623730949e+00; 8.0000000000000000e+00
21; 42; 46; -9.7206644724226909e-02; 4.0000000000000000e+00; -3.9047727070843630e+00; 4.8956946880697294e-01; 4.0000000000000000e+00; -3.3179965935531630e+00
22; 42; 47; -9.2464409356612198e-01; 4.0000000000000000e+00; -4.7322101559262579e+00; -9.2464409356612198e-01; 6.0000000000000000e+00; -4.7322101559262579e+00
22; 42; 47; -8.2386522564724318e-01; 4.0000000000000000e+00; -4.6314312880073789e+00; -8.2386522564724318e-01; 6.0000000000000000e+00; -4.6314312880073789e+00
23; 42; 48; -9.2464409356612198e-01; 6.0000000000000000e+00; -4.7322101559262579e+00; -8.6282932523742062e-01; 6.0000000000000000e+00; -4.6703953875975568e+00
24; 42; 52; -9.2464409356612198e-01; 4.0000000000000000e+00; -4.7322101559262579e+00; -9.2464409356612198e-01; 6.0000000000000000e+00; -4.7322101559262579e+00
24; 42; 52; -6.0786392147382706e-01; 4.0000000000000000e+00; -4.4154299838339632e+00; -6.0786392147382706e-01; 6.0000000000000000e+00; -4.4154299838339632e+00
25; 42; 56; -9.2464409356612198e-01; 4.0000000000000000e+00; -4.7322101559262579e+00; -6.5275415708377160e-01; 4.0000000000000000e+00; -4.4603202194439078e+00
26; 42; 57; -9.2464409356612198e-01; 4.0000000000000000e+00; -4.7322101559262579e+00; -9.2464409356612198e-01; 6.0000000000000000e+00; -4.7322101559262579e+00
26; 42; 57; -3.7656106768368058e-01; 4.0000000000000000e+00; -4.1841271300438168e+00; -3.7656106768368058e-01; 6.0000000000000000e+00; -4.1841271300438168e+00
27; 42; 58; -9.2464409356612198e-01; 6.0000000000000000e+00; -4.7322101559262579e+00; -7.7008933475002195e-01; 6.0000000000000000e+00; -4.5776553971101581e+00
28; 43; 44; 4.0790444143512827e-01; 8.0000000000000000e+00; -3.7186685456856443e+00; 6.4907293118729159e-01; 8.0000000000000000e+00; -3.4775000559334810e+00
29; 43; 49; -7.6514063118580333e-01; 8.0000000000000000e+00; -4.8917136183065768e+00; 3.8623640004052318e-01; 8.0000000000000000e+00; -3.7403365870802494e+00
30; 43; 52; -7.6514063118580333e-01; 6.0000000000000000e+00; -4.8917136183065768e+00; -6.0786392147382706e-01; 6.0000000000000000e+00; -4.7344369085946001e+00
31; 43; 57; -7.6514063118580333e-01; 6.0000000000000000e+00; -4.8917136183065768e+00; -3.7656106768368053e-01; 6.0000000000000000e+00; -4.5031340548044536e+00
32; 47; 48; -9.0179342482759850e-01; 6.0000000000000000e+00; -4.8329890238451370e+00; -8.6282932523742062e-01; 6.0000000000000000e+00; -4.8719531234353148e+00
33; 47; 52; -2.0220774838469220e+00; 4.0000000000000000e+00; -6.0312012820448153e+00; -2.0220774838469220e+00; 6.0000000000000000e+00; -6.0312012820448153e+00
33; 47; 52; -8.2386522564724318e-01; 4.0000000000000000e+00; -4.8329890238451370e+00; -8.2386522564724318e-01; 6.0000000000000000e+00; -4.8329890238451370e+00
34; 47; 56; -2.0669677194568665e+00; 4.0000000000000000e+00; -6.0760915176547599e+00; -8.2386522564724318e-01; 4.0000000000000000e+00; -4.8329890238451370e+00
35; 47; 57; -1.7907746300567755e+00; 4.0000000000000000e+00; -5.7998984282546697e+00; -1.7907746300567755e+00; 6.0000000000000000e+00; -5.7998984282546697e+00
35; 47; 57; -8.2386522564724318e-01; 4.0000000000000000e+00; -4.8329890238451370e+00; -8.2386522564724318e-01; 6.0000000000000000e+00; -4.8329890238451370e+00
36; 47; 58; -2.1843028971231169e+00; 6.0000000000000000e+00; -6.1934266953210102e+00; -8.2386522564724318e-01; 6.0000000000000000e+00; -4.8329890238451370e+00
37; 48; 49; -1.0279771623325717e+00; 8.0000000000000000e+00; -4.9591727613501106e+00; -8.6282932523742062e-01; 8.0000000000000000e+00; -4.7940249242549591e+00
38; 48; 52; -2.0220774838469220e+00; 6.0000000000000000e+00; -5.9532730828644613e+00; -8.6282932523742062e-01; 6.0000000000000000e+00; -4.7940249242549591e+00
39; 48; 54; -2.2373881573972456e+00; 8.0000000000000000e+00; -6.1685837564147850e+00; -8.6282932523742062e-01; 8.0000000000000000e+00; -4.7940249242549591e+00
40; 48; 57; -1.7907746300567755e+00; 6.0000000000000000e+00; -5.7219702290743149e+00; -8.6282932523742062e-01; 6.0000000000000000e+00; -4.7940249242549591e+00
41; 48; 58; -2.1843028971231169e+00; 6.0000000000000000e+00; -6.1154984961406562e+00; -2.1843028971231169e+00; 8.0000000000000000e+00; -6.1154984961406562e+00
41; 48; 58; -8.6282932523742062e-01; 6.0000000000000000e+00; -4.7940249242549591e+00; -8.6282932523742062e-01; 8.0000000000000000e+00; -4.7940249242549591e+00
42; 48; 59; -2.1978263715949709e+00; 8.0000000000000000e+00; -6.1290219706125102e+00; -8.6282932523742062e-01; 8.0000000000000000e+00; -4.7940249242549591e+00
43; 49; 54; -1.0279771623325717e+00; 8.0000000000000000e+00; -7.4573042119059982e+00; -1.0279771623325717e+00; 1.0000000000000000e+01; -7.4573042119059982e+00
43; 49; 54; -8.2317459502415069e-01; 8.0000000000000000e+00; -7.2525016445975776e+00; -8.2317459502415069e-01; 1.0000000000000000e+01; -7.2525016445975776e+00
44; 49; 58; -1.0279771623325717e+00; 8.0000000000000000e+00; -7.4573042119059982e+00; -7.7008933475002195e-01; 8.0000000000000000e+00; -7.1994163843234489e+00
45; 49; 59; -1.0279771623325717e+00; 8.0000000000000000e+00; -7.4573042119059982e+00; -1.0279771623325717e+00; 1.0000000000000000e+01; -7.4573042119059982e+00
45; 49; 59; -7.8361280922187593e-01; 8.0000000000000000e+00; -7.2129398587953020e+00; -7.8361280922187593e-01; 1.0000000000000000e+01; -7.2129398587953020e+00
46; 50; 51; -2.8471861197765405e+00; 2.0000000000000000e+00; -5.6951111630798081e+00; -2.8186781654676514e+00; 2.0000000000000000e+00; -5.7236191173886972e+00
47; 50; 55; -4.2043837735318572e+00; 0.0000000000000000e+00; -7.1093247254529031e+00; -4.2043837735318572e+00; 2.0000000000000000e+00; -7.1093247254529031e+00
47; 50; 55; -3.0958816918534171e+00; 0.0000000000000000e+00; -6.0008226437744625e+00; -3.0958816918534171e+00; 2.0000000000000000e+00; -6.0008226437744625e+00
48; 51; 55; -4.2328917278407463e+00; 2.0000000000000000e+00; -7.0808167711440131e+00; -3.0958816918534171e+00; 2.0000000000000000e+00; -5.9438067351566843e+00
49; 52; 56; -2.0220774838469220e+00; 4.0000000000000000e+00; -9.2916310151378383e+00; -6.5275415708377160e-01; 4.0000000000000000e+00; -7.9223076883746870e+00
50; 52; 57; -1.7907746300567755e+00; 4.0000000000000000e+00; -9.0603281613476909e+00; -1.7907746300567755e+00; 6.0000000000000000e+00; -9.0603281613476909e+00
50; 52; 57; -6.0786392147382706e-01; 4.0000000000000000e+00; -7.8774174527647425e+00; -6.0786392147382706e-01; 6.0000000000000000e+00; -7.8774174527647425e+00
51; 52; 58; -2.0220774838469220e+00; 6.0000000000000000e+00; -9.2916310151378383e+00; -7.7008933475002195e-01; 6.0000000000000000e+00; -8.0396428660409374e+00
52; 54; 58; -2.1843028971231169e+00; 8.0000000000000000e+00; -9.0232350813133859e+00; -8.2317459502415069e-01; 8.0000000000000000e+00; -7.6621067792144189e+00
53; 54; 59; -2.1978263715949709e+00; 8.0000000000000000e+00; -9.0367585557852390e+00; -2.1978263715949709e+00; 1.0000000000000000e+01; -9.0367585557852408e+00
53; 54; 59; -8.2317459502415069e-01; 8.0000000000000000e+00; -7.6621067792144189e+00; -8.2317459502415069e-01; 1.0000000000000000e+01; -7.6621067792144189e+00
54; 56; 57; -1.7907746300567755e+00; 4.0000000000000000e+00; -1.1798974814873992e+01; -1.5145815406566838e+00; 4.0000000000000000e+00; -1.2075167904274082e+01
54; 56; 57; -6.5275415708377160e-01; 4.0000000000000000e+00; -1.0660954341900988e+01; -3.7656106768368058e-01; 4.0000000000000000e+00; -1.0937147431301078e+01
55; 57; 58; -1.1636176018163622e+00; 6.0000000000000000e+00; -1.0937147431301078e+01; -7.7008933475002195e-01; 6.0000000000000000e+00; -1.1330675698367420e+01
56; 58; 59; -7.9713628369372902e-01; 8.0000000000000000e+00; -1.0543619164234737e+01; -7.8361280922187593e-01; 8.0000000000000000e+00; -1.0557142638706592e+01
57; 60; 80; -1.8667531236775847e-01; 0.0000000000000000e+00; 1.8667531236775847e-01; -3.7876165350778646e-270; 7.3596369837107538e+00; 8.0000000000000000e+00
58; 60; 81; -1.2275382500053362e+00; 0.0000000000000000e+00; -1.2275382500053367e+00; -3.7894650543391007e-270; -5.2462261647828956e-01; 1.0000000000000000e+01
59; 63; 81; -1.4142135623730949e+00; 6.0000000000000000e+00; -1.4142135623730951e+00; -1.4142135623730949e+00; 8.0000000000000000e+00; -1.4142135623730951e+00
60; 64; 80; -5.2462261647828956e-01; 1.0000000000000000e+01; 5.2462261647828967e-01; -2.7167544870857366e-311; -6.4684368316923702e-01; 0.0000000000000000e+00
61; 64; 81; -8.8959094589480525e-01; 1.0000000000000000e+01; -8.8959094589480547e-01; -7.0626013489251407e-311; -6.4684368316923702e-01; 0.0000000000000000e+00
62; 65; 80; -1.0949898576606529e+00; 0.0000000000000000e+00; 1.0949898576606532e+00; -3.7922378314680866e-270; -6.4684368316923702e-01; 0.0000000000000000e+00
63; 65; 81; -3.1922370471244199e-01; 0.0000000000000000e+00; -3.1922370471244221e-01; -8.6922953468045899e-311; -7.6736987920385746e-01; 0.0000000000000000e+00
64; 67; 80; -1.4142135623730949e+00; 4.0000000000000000e+00; 1.4142135623730951e+00; -1.4142135623730949e+00; 6.0000000000000000e+00; 1.4142135623730951e+00
65; 69; 80; -1.4142135623730949e+00; 8.0000000000000000e+00; 1.4142135623730951e+00; -1.4142135623730949e+00; 1.0000000000000000e+01; 1.4142135623730951e+00
65; 69; 80; -1.1979505794064154e+00; 1.0000000000000000e+01; 1.1979505794064156e+00; -1.0870617185606842e-311; 0.0000000000000000e+00; 0.0000000000000000e+00
66; 70; 71; -1.0256420223970936e+01; 2.0000000000000000e+00; 4.7745148339388988e-01; -9.9665018281609701e+00; 2.0000000000000000e+00; 7.6736987920385769e-01
66; 70; 71; -8.8422066615978423e+00; 2.0000000000000000e+00; -3.5692528735927009e-01; -2.7167539355859476e-311; -1.4142135623730949e+00; 8.0000000000000000e+00
67; 70; 80; -7.6736987920385746e-01; 0.0000000000000000e+00; 7.6736987920385769e-01; -4.5968252053587660e-246; 6.9390169800778223e+252; 4.8240712550233459e+228
68; 70; 81; -6.4684368316923702e-01; 0.0000000000000000e+00; -6.4684368316923724e-01; -4.3464464127036712e-311; 0.0000000000000000e+00; 0.0000000000000000e+00
69; 71; 72; -9.8811202058926728e+00; 4.0000000000000000e+00; -3.5692528735927009e-01; -9.3616634337452567e+00; 4.0000000000000000e+00; 1.6253148478814461e-01
70; 73; 80; -1.4142135623730949e+00; 6.0000000000000000e+00; 1.4142135623730951e+00; -1.4142135623730949e+00; 8.0000000000000000e+00; 1.4142135623730951e+00
71; 74; 80; -1.4142135623730949e+00; 8.0000000000000000e+00; 1.4142135623730951e+00; -1.4142135623730949e+00; 1.0000000000000000e+01; 1.4142135623730951e+00
71; 74; 80; -2.3590676025895929e-02; 1.0000000000000000e+01; 2.3590676025896151e-02; -9.2355228036751438e-311; -1.7377210757390937e+00; 6.0000000000000000e+00
72; 75; 76; -6.2094925057716805e+00; 2.0000000000000000e+00; 5.1833089115417987e+00; -6.1699460466073210e+00; 2.0000000000000000e+00; 5.2228553707061582e+00
73; 77; 78; -8.1448872196903679e+00; 6.0000000000000000e+00; 5.3309412699260310e+00; -7.8117336526330927e+00; 6.0000000000000000e+00; 5.6640948369833062e+00
73; 77; 78; -6.7306736573172739e+00; 6.0000000000000000e+00; 4.5830348416674873e+00; -3.8033289448852976e-270; -7.7789124206632181e+00; 8.0000000000000000e+00
74; 78; 79; -7.7789124206632181e+00; 8.0000000000000000e+00; 5.6312736050134315e+00; -7.4129376216360674e+00; 8.0000000000000000e+00; 5.9972484040405813e+00
74; 78; 79; -6.3646988582901232e+00; 8.0000000000000000e+00; 4.9490096406946371e+00; -1.0865217092961922e-310; -1.4142135623730949e+00; 8.0000000000000000e+00
75; 80; 81; -1.4142135623730947e+00; 0.0000000000000000e+00; -1.4142135623730949e+00; -1.4142135623730947e+00; 0.0000000000000000e+00; 1.4142135623730949e+00
75; 80; 81; -1.4142135623730947e+00; 1.0000000000000000e+01; -1.4142135623730949e+00; 1.4142135623730949e+00; 1.0000000000000000e+01; -1.4142135623730947e+00
75; 80; 81; 1.4142135623730951e+00; 0.0000000000000000e+00; -1.4142135623730949e+00; 1.4142135623730951e+00; 0.0000000000000000e+00; 1.4142135623730949e+00
75; 80; 81; 1.4142135623730951e+00; 1.0000000000000000e+01; -1.4142135623730949e+00; 1.4142135623730951e+00; 1.0000000000000000e+01; 1.4142135623730949e+00
#Passanti
#TraceId; FractureId
0; 2
1; 2
1; 7
3; 7
4; 6
5; 7
6; 9
7; 10
8; 12
8; 17
9; 13
9; 18
10; 14
10; 19
11; 31
12; 27
13; 33
14; 33
15; 37
16; 40
16; 41
17; 40
18; 41
19; 41
19; 46
20; 42
20; 43
21; 42
22; 42
22; 47
23; 42
24; 42
24; 52
25; 42
26; 42
26; 57
27; 42
28; 43
29; 43
30; 43
31; 43
32; 48
33; 47
33; 52
34; 47
35; 47
35; 57
36; 47
37; 48
38; 48
39; 48
40; 48
41; 48
41; 58
42; 48
43; 49
43; 54
44; 49
45; 49
45; 59
46; 51
47; 50
47; 55
48; 51
49; 52
50; 52
50; 57
51; 52
52; 54
53; 54
53; 59
54; 56
54; 57
55; 58
56; 59
59; 80
59; 81
64; 80
64; 81
65; 80
65; 81
66; 71
69; 72
70; 80
70; 81
71; 80
71; 81
72; 76
73; 78
74; 79
75; 80
75; 81
#Non Passanti
#TraceId
2
57
58
60
61
62
63
67
68
