# Number of Traces
30
# TraceId; FractureId1; FractureId2; X1; Y1; Z1; X2; Y2; Z2
0; 0; 2; 1.6615500805578901e-01; 4.7958060144145115e-01; 3.0316445711141887e-01; 2.1009277504411900e-01; 7.2821136741607462e-01; 5.9704177318758545e-01
0; 0; 2; 2.5066636309786139e-01; 9.5780524456554761e-01; 3.0316445711141893e-01; 2.9118459277945552e-01; 6.4568336221341527e-01; 5.9704177318758545e-01
1; 0; 3; 1.4733113840289089e-01; 8.4594419132802057e-01; 1.9054542365205804e-01; 1.6949480659251009e-01; 9.5449200512867272e-01; 3.1350393663185799e-01
1; 0; 3; 6.0155194125187827e-01; 4.3908072126069242e-01; 4.2955063887924283e-01; 6.2417340169704982e-01; 4.3446179319833500e-01; 4.4396472304581658e-01
2; 0; 4; 3.1268476759007108e-01; 9.5812977334194593e-01; 3.0215171453688017e-01; 3.1748650256762090e-01; 8.8409029086682456e-01; 1.9054542365205804e-01
2; 0; 4; 3.4369940895776058e-01; 4.7990513021784947e-01; 3.0215171453688022e-01; -3.8033291249896627e-270; 2.9256596422986497e-01; 3.8600748402585677e-01
3; 0; 5; 2.9256596422986497e-01; 3.8600748402585677e-01; 5.9517393895398174e-01; 4.2447708581499233e-01; 5.1003017467956757e-01; 5.9704177318758545e-01
3; 0; 5; 5.0921220222748964e-01; 5.8436667406275322e-01; 5.9704177318758545e-01; -3.8042533842346656e-270; 3.5138419260407283e-02; 3.2155427959967420e-01
4; 0; 6; 3.8445609683130122e-01; 4.0224113814492979e-01; 5.4451429376263860e-01; 5.1871414581922892e-01; 8.8046578126902630e-01; 5.4451429376263871e-01
5; 0; 7; 2.9324299658906849e-01; 4.9585789279135251e-01; 2.5236863514713964e-01; 2.9795547052717275e-01; 6.3879256793113748e-01; 5.9704177318758545e-01
5; 0; 7; 3.5538063198457043e-01; 5.8035037048296600e-01; 5.9704177318758545e-01; 4.4620023420520533e-01; 7.6534816333123579e-01; 5.9704177318758545e-01
6; 0; 8; 4.0355942630710928e-01; 7.9649296111693024e-01; 1.9054542365205804e-01; 4.7472878883955050e-01; 4.5888848215778238e-01; 5.9704177318758545e-01
6; 0; 8; 5.1268269209504080e-01; 6.8543705315751047e-01; 1.9054542365205804e-01; 5.7095426593810927e-01; 4.0901551971394268e-01; 5.2337378133335433e-01
7; 0; 9; 1.2520582053633664e-01; 5.7291599092199130e-01; 5.9704177318758545e-01; -6.5194717486039896e-311; 7.9031443021024314e+93; 1.3262117270303741e+180
8; 1; 3; 7.3917779182258114e-01; 4.1097979891540193e-01; 3.9361989787461210e-01; 1.0794542526136941e+00; 4.0390455143472481e-01; 3.9361989787461216e-01
8; 1; 3; 1.0894179629524900e+00; 4.5270238423777193e-01; 3.9361989787461210e-01; 1.0921423084874711e+00; 4.6604502000229209e-01; 3.4139726828351613e-01
9; 1; 4; 8.4839469276495083e-01; 3.9718356190646820e-01; -6.6465853981275497e-02; 8.5400023601971875e-01; 3.1074990334026653e-01; -6.6465853981275469e-02
10; 1; 8; 5.5147066548034318e-01; 3.7498932380999578e-01; 3.1402116052261148e-01; 5.7467135197343910e-01; 3.9138286361656854e-01; 3.9361989787461216e-01
11; 2; 3; 1.7441049345471060e-01; 5.2629593995128854e-01; 3.0316445711141893e-01; 2.6415622263329197e-01; 1.0341403507641631e+00; 3.0316445711141893e-01
12; 2; 5; 2.1992900775550153e-01; 3.1771429786692157e-01; 5.9517393895398174e-01; -3.7987078240276954e-270; 3.5543930807851842e-01; 2.9888388284059697e-01
13; 2; 6; 1.4313861829667518e-01; 3.4933769179838969e-01; 3.0316445711141893e-01; 2.4525754193747989e-01; 3.2066855554644652e-01; 4.8182588279602612e-01
13; 2; 6; 3.6109649334782173e-01; 3.1903467027489629e-01; 5.4451429376263860e-01; -1.1951784146196188e-310; 0.0000000000000000e+00; 0.0000000000000000e+00
14; 2; 7; 1.6150142580096002e-01; 4.5324736241154429e-01; 3.0316445711141893e-01; 1.6450153786901889e-01; 3.2079997886119033e-01; 4.7678347320417147e-01
14; 2; 7; 2.5568178759127524e-01; 4.4478353836643636e-01; 9.3223134394306229e-01; 2.8744004472623186e-01; 6.2449407758388298e-01; 9.3223134394306229e-01
15; 2; 8; 3.0488117246710145e-01; 1.2645907392453872e+00; 3.0316445711141893e-01; 3.9287578942647478e-01; 1.2537623199841375e+00; 7.3016836467345569e-01
16; 3; 4; 3.2857311766425179e-01; 7.1314223813312561e-01; 3.0215171453688028e-01; 3.4156969447786900e-01; 5.1274387676429278e-01; 3.0215171453688017e-01
16; 3; 4; 3.7439676471295180e-01; 1.0116310554578154e+00; 1.9471648379405543e-02; 6.6956656809601123e-01; 1.0307739116993775e+00; 3.5215181591138026e-02
16; 3; 4; 6.9080348369523881e-01; 1.0321512044226533e+00; 1.9471648379405543e-02; 8.1437166604948819e-01; 9.2179545782070416e-01; 1.9471648379405543e-02
17; 3; 6; 4.0600772073196673e-01; 4.7900761677569920e-01; 4.4396472304581652e-01; -3.8005563432889517e-270; 4.2823908586422443e-01; 6.7942062395961733e-01
18; 3; 7; 2.0989462970260833e-01; 5.1905066623957685e-01; 4.4396472304581652e-01; 2.9719096692841540e-01; 5.0122619806562385e-01; 4.4396472304581652e-01
18; 3; 7; 3.4922597156502505e-01; 5.7198148896876000e-01; 2.5236863514713970e-01; 4.7360939847611322e-01; 7.4519085817825714e-01; 2.7521816781437924e-01
19; 3; 8; 3.6408358664725093e-01; 9.8375359976275767e-01; 7.4730885127456237e-02; 4.0632894925362634e-01; 7.8335523839392474e-01; 7.4730885127456237e-02
19; 3; 8; 4.7338779586219731e-01; 4.6524971990528730e-01; 4.4396472304581652e-01; 5.3819208314364531e-01; 3.7219010668126901e-01; 4.2027260486613005e-01
19; 3; 8; 5.4115848841529834e-01; 3.7281544545890399e-01; 4.4396472304581658e-01; 5.6295497279612383e-01; 4.4696158382278484e-01; 4.4396472304581652e-01
20; 4; 6; 3.5543930807851842e-01; 2.9888388284059697e-01; 3.0215171453688022e-01; -3.7996320834379596e-270; 4.0600772073196673e-01; 4.7900761677569920e-01
21; 4; 7; 3.3052298096839644e-01; 6.8307667420444562e-01; 3.0215171453688017e-01; 3.3865970887693303e-01; 5.5761387248681760e-01; 3.0215171453688017e-01
21; 4; 7; 4.7131551451549103e-01; 7.4687783113820472e-01; 3.0215171453688017e-01; -2.7168552584030847e-311; 0.0000000000000000e+00; 0.0000000000000000e+00
22; 4; 8; 3.5490012933786069e-01; 1.0273169563765958e+00; 7.4730885127456237e-02; 3.5842518314544558e-01; 1.0105952391704007e+00; 2.6587319332669523e-01
22; 4; 8; 4.4298107901980160e-01; 1.0160790025518420e+00; 2.0318948821303287e-01; 5.2340258947712004e-01; 3.6907237897910916e-01; 3.0215171453688022e-01
23; 5; 8; 4.5741871955916336e-01; 5.4100186230064984e-01; 5.9517393895398174e-01; 5.4114996035146612e-01; 5.5039752315301038e-01; 6.1946301353999800e-01
23; 5; 8; 5.6009085283246951e-01; 3.7680651901028600e-01; 5.9517393895398174e-01; 5.7650721586463161e-01; 3.8267411802195361e-01; 7.3016836467345581e-01
24; 5; 9; 7.7977425992678387e-02; 1.8425157765637262e-01; 5.9517393895398174e-01; 1.1249132083409746e-01; 7.3631575518368325e-02; 6.4529824872051522e-01
24; 5; 9; 1.2275560836536084e-01; 5.7215151466477043e-01; 5.9517393895398174e-01; 1.3301162407268768e-01; 5.7535143367374875e-01; 6.0299225667578682e-01
24; 5; 9; 3.6063408284733400e-01; 4.5000505388372891e-01; 5.9517393895398174e-01; 3.8342961203980352e-01; 3.7694342176153267e-01; 7.3395089425692905e-01
24; 5; 9; 4.4881552913717254e-01; -4.3046276357122104e-03; 6.9673981544424834e-01; 1.4943076796181305e-231; 3.0605751193470937e-01; 1.3362110731434067e+00
25; 6; 7; 9.5018952708516846e-02; 3.6284693376804955e-01; 3.9445929761500620e-01; 1.7824134191236052e-01; 3.3948286048727838e-01; 4.4285469318321696e-01
25; 6; 7; 2.4587212046466136e-01; 4.3144471278058905e-01; 2.5236863514713970e-01; 4.5067390949892872e-01; 7.6205812365108994e-01; 5.4451429376263860e-01
26; 6; 8; 3.0605751193470937e-01; 1.3362110731434067e+00; 1.9918095081476878e-01; 3.4092413465053922e-01; 1.3435611987104465e+00; 4.7765407577980240e-01
26; 6; 8; 4.4283459392717894e-01; 6.1018424584127051e-01; 5.4451429376263860e-01; 4.9178792413679401e-01; 7.8455508651492178e-01; 5.4451429376263860e-01
26; 6; 8; 5.3283011371672473e-01; 3.7105976638718025e-01; 3.7744756860003825e-01; 5.5374794007912520e-01; 3.7546938906862715e-01; 5.4451429376263860e-01
27; 6; 9; 3.5138419260407283e-02; 3.2155427959967420e-01; 4.7999122984809545e-01; 5.6300632333756900e-02; 5.5141728929762213e-01; 5.4451429376263860e-01
27; 6; 9; 3.8023156534861863e-01; 3.8719343652925942e-01; 5.4451429376263860e-01; -3.8051776439203764e-270; 1.4313861829667518e-01; 3.4933769179838969e-01
28; 7; 8; 4.2823908586422443e-01; 6.7942062395961733e-01; 2.5236863514713970e-01; -9.2356281095151318e-311; 2.9984037261319235e-01; 6.2740268816992228e-01
29; 8; 9; 2.9984037261319235e-01; 6.2740268816992228e-01; 7.3016836467345581e-01; -1.2495012996858043e-310; 0.0000000000000000e+00; 0.0000000000000000e+00
#Passanti
#TraceId; FractureId
0; 0
0; 2
1; 0
1; 3
2; 4
3; 5
4; 6
5; 0
5; 7
6; 0
8; 1
8; 3
9; 4
10; 1
11; 2
13; 6
14; 2
16; 3
16; 4
18; 3
18; 7
19; 3
19; 8
21; 4
22; 4
22; 8
23; 5
23; 8
24; 5
24; 9
25; 6
25; 7
26; 6
26; 8
27; 9
#Non Passanti
#TraceId
7
12
15
17
20
28
29
